other_cats/astrisim_gsed/data/TeVJ1626-490_HESS2008.ecsv
# %ECSV 0.9
# ---
# datatype:
# - {name: e_ref, unit: TeV, datatype: float32}
# - {name: dnde, unit: 1 / (cm2 s TeV), datatype: float32}
# - {name: dnde_errn, unit: 1 / (cm2 s TeV), datatype: float32}
# - {name: dnde_errp, unit: 1 / (cm2 s TeV), datatype: float32}
# meta: !!omap
# - {EXTNAME: MODEL_HESS2008}
# - {PAPER: 'Aharonian et al. 2008, A&A 477, 353'}
# - {SOURCE_NAME: TeVJ1626-490}
e_ref dnde dnde_errn dnde_errp
0.1 7.40636e-10 0.0 0.0
0.102329 7.04379e-10 0.0 0.0
0.104713 6.69894e-10 0.0 0.0
0.107152 6.37097e-10 0.0 0.0
0.109648 6.05904e-10 0.0 0.0
0.112202 5.76239e-10 0.0 0.0
0.114815 5.48037e-10 0.0 0.0
0.11749 5.212e-10 0.0 0.0
0.120226 4.95688e-10 0.0 0.0
0.123027 4.71415e-10 0.0 0.0
0.125893 4.48337e-10 0.0 0.0
0.128825 4.2639e-10 0.0 0.0
0.131826 4.05513e-10 0.0 0.0
0.134896 3.85663e-10 0.0 0.0
0.138038 3.66783e-10 0.0 0.0
0.141254 3.48824e-10 0.0 0.0
0.144544 3.31745e-10 0.0 0.0
0.147911 3.15504e-10 0.0 0.0
0.151356 3.0006e-10 0.0 0.0
0.154882 2.85367e-10 0.0 0.0
0.158489 2.714e-10 0.0 0.0
0.162181 2.58111e-10 0.0 0.0
0.165959 2.45474e-10 0.0 0.0
0.169824 2.33458e-10 0.0 0.0
0.17378 2.22028e-10 0.0 0.0
0.177828 2.11156e-10 0.0 0.0
0.18197 2.0082e-10 0.0 0.0
0.186209 1.90987e-10 0.0 0.0
0.190546 1.81637e-10 0.0 0.0
0.194984 1.72745e-10 0.0 0.0
0.199526 1.64288e-10 0.0 0.0
0.204174 1.56245e-10 0.0 0.0
0.20893 1.48595e-10 0.0 0.0
0.213796 1.41321e-10 0.0 0.0
0.218776 1.34402e-10 0.0 0.0
0.223872 1.27822e-10 0.0 0.0
0.229087 1.21564e-10 0.0 0.0
0.234423 1.15613e-10 0.0 0.0
0.239883 1.09953e-10 0.0 0.0
0.245471 1.04569e-10 0.0 0.0
0.251189 9.94502e-11 0.0 0.0
0.25704 9.45812e-11 0.0 0.0
0.263027 8.99508e-11 0.0 0.0
0.269153 8.55475e-11 0.0 0.0
0.275423 8.13589e-11 0.0 0.0
0.281838 7.73761e-11 0.0 0.0
0.288403 7.35879e-11 0.0 0.0
0.295121 6.99851e-11 0.0 0.0
0.301995 6.65589e-11 0.0 0.0
0.30903 6.33001e-11 0.0 0.0
0.316228 6.02012e-11 0.0 0.0
0.323594 5.72538e-11 0.0 0.0
0.331131 5.44511e-11 0.0 0.0
0.338844 5.17853e-11 0.0 0.0
0.346737 4.92499e-11 0.0 0.0
0.354813 4.68389e-11 0.0 0.0
0.363078 4.45457e-11 0.0 0.0
0.371535 4.23649e-11 0.0 0.0
0.380189 4.02909e-11 0.0 0.0
0.389045 3.83183e-11 0.0 0.0
0.398107 3.64423e-11 0.0 0.0
0.40738 3.46582e-11 0.0 0.0
0.416869 3.29615e-11 0.0 0.0
0.426579 3.13478e-11 0.0 0.0
0.436516 2.9813e-11 0.0 0.0
0.446684 2.83534e-11 0.0 0.0
0.457088 2.69653e-11 0.0 0.0
0.467735 2.56452e-11 0.0 0.0
0.47863 2.43897e-11 0.0 0.0
0.489779 2.31956e-11 0.0 0.0
0.501187 2.206e-11 0.0 0.0
0.512861 2.098e-11 0.0 0.0
0.524808 1.99528e-11 0.0 0.0
0.537032 1.8976e-11 0.0 0.0
0.549541 1.8047e-11 0.0 0.0
0.562341 1.71635e-11 0.0 0.0
0.57544 1.63232e-11 0.0 0.0
0.588844 1.55241e-11 0.0 0.0
0.60256 1.4764e-11 0.0 0.0
0.616595 1.40412e-11 0.0 0.0
0.630957 1.33538e-11 0.0 0.0
0.645654 1.27001e-11 0.0 0.0
0.660693 1.20783e-11 0.0 0.0
0.676083 1.1487e-11 0.0 0.0
0.691831 1.09246e-11 0.0 0.0
0.707946 1.03898e-11 0.0 0.0
0.724436 9.8811e-12 0.0 0.0
0.74131 9.39736e-12 0.0 0.0
0.758578 8.93728e-12 0.0 0.0
0.776247 8.49975e-12 0.0 0.0
0.794328 8.08362e-12 0.0 0.0
0.812831 7.68786e-12 0.0 0.0
0.831764 7.31148e-12 0.0 0.0
0.851138 6.95354e-12 0.0 0.0
0.870964 6.6131e-12 0.0 0.0
0.891251 6.28935e-12 0.0 0.0
0.912011 5.98144e-12 0.0 0.0
0.933254 5.68861e-12 0.0 0.0
0.954993 5.4101e-12 0.0 0.0
0.977237 5.14524e-12 0.0 0.0
1.0 4.89334e-12 0.0 0.0
1.02329 4.6538e-12 0.0 0.0
1.04713 4.42593e-12 0.0 0.0
1.07152 4.20925e-12 0.0 0.0
1.09648 4.00317e-12 0.0 0.0
1.12202 3.80719e-12 0.0 0.0
1.14815 3.62083e-12 0.0 0.0
1.1749 3.44353e-12 0.0 0.0
1.20226 3.27498e-12 0.0 0.0
1.23027 3.11462e-12 0.0 0.0
1.25893 2.96212e-12 0.0 0.0
1.28825 2.81712e-12 0.0 0.0
1.31826 2.67919e-12 0.0 0.0
1.34896 2.54805e-12 0.0 0.0
1.38038 2.42331e-12 0.0 0.0
1.41254 2.30465e-12 0.0 0.0
1.44544 2.19182e-12 0.0 0.0
1.47911 2.08451e-12 0.0 0.0
1.51356 1.98247e-12 0.0 0.0
1.54882 1.8854e-12 0.0 0.0
1.58489 1.79311e-12 0.0 0.0
1.62181 1.70532e-12 0.0 0.0
1.65959 1.62182e-12 0.0 0.0
1.69824 1.54244e-12 0.0 0.0
1.7378 1.46692e-12 0.0 0.0
1.77828 1.3951e-12 0.0 0.0
1.8197 1.3268e-12 0.0 0.0
1.86209 1.26184e-12 0.0 0.0
1.90546 1.20007e-12 0.0 0.0
1.94984 1.14132e-12 0.0 0.0
1.99526 1.08544e-12 0.0 0.0
2.04174 1.0323e-12 0.0 0.0
2.0893 9.81757e-13 0.0 0.0
2.13796 9.33698e-13 0.0 0.0
2.18776 8.87986e-13 0.0 0.0
2.23872 8.44513e-13 0.0 0.0
2.29087 8.03165e-13 0.0 0.0
2.34423 7.63845e-13 0.0 0.0
2.39883 7.26452e-13 0.0 0.0
2.45471 6.90884e-13 0.0 0.0
2.51189 6.57059e-13 0.0 0.0
2.5704 6.24891e-13 0.0 0.0
2.63027 5.94299e-13 0.0 0.0
2.69153 5.65206e-13 0.0 0.0
2.75423 5.37533e-13 0.0 0.0
2.81838 5.11219e-13 0.0 0.0
2.88403 4.8619e-13 0.0 0.0
2.95121 4.62387e-13 0.0 0.0
3.01995 4.3975e-13 0.0 0.0
3.0903 4.1822e-13 0.0 0.0
3.16228 3.97745e-13 0.0 0.0
3.23594 3.78272e-13 0.0 0.0
3.31131 3.59754e-13 0.0 0.0
3.38844 3.42142e-13 0.0 0.0
3.46737 3.25391e-13 0.0 0.0
3.54813 3.09462e-13 0.0 0.0
3.63078 2.9431e-13 0.0 0.0
3.71535 2.79902e-13 0.0 0.0
3.80189 2.66199e-13 0.0 0.0
3.89045 2.53166e-13 0.0 0.0
3.98107 2.40772e-13 0.0 0.0
4.0738 2.28985e-13 0.0 0.0
4.16869 2.17774e-13 0.0 0.0
4.2658 2.07112e-13 0.0 0.0
4.36516 1.96972e-13 0.0 0.0
4.46684 1.87329e-13 0.0 0.0
4.57088 1.78158e-13 0.0 0.0
4.67735 1.69436e-13 0.0 0.0
4.7863 1.61141e-13 0.0 0.0
4.89779 1.53252e-13 0.0 0.0
5.01187 1.45749e-13 0.0 0.0
5.12861 1.38614e-13 0.0 0.0
5.24808 1.31827e-13 0.0 0.0
5.37032 1.25373e-13 0.0 0.0
5.49541 1.19236e-13 0.0 0.0
5.62341 1.13398e-13 0.0 0.0
5.7544 1.07846e-13 0.0 0.0
5.88844 1.02566e-13 0.0 0.0
6.0256 9.7545e-14 0.0 0.0
6.16595 9.27696e-14 0.0 0.0
6.30957 8.8228e-14 0.0 0.0
6.45654 8.39085e-14 0.0 0.0
6.60694 7.98004e-14 0.0 0.0
6.76083 7.58937e-14 0.0 0.0
6.91831 7.21781e-14 0.0 0.0
7.07946 6.86445e-14 0.0 0.0
7.24436 6.52839e-14 0.0 0.0
7.4131 6.20877e-14 0.0 0.0
7.58578 5.9048e-14 0.0 0.0
7.76247 5.61573e-14 0.0 0.0
7.94328 5.34079e-14 0.0 0.0
8.1283 5.07932e-14 0.0 0.0
8.31764 4.83065e-14 0.0 0.0
8.51138 4.59416e-14 0.0 0.0
8.70964 4.36923e-14 0.0 0.0
8.91251 4.15533e-14 0.0 0.0
9.12011 3.9519e-14 0.0 0.0
9.33254 3.75842e-14 0.0 0.0
9.54993 3.57442e-14 0.0 0.0
9.77237 3.39943e-14 0.0 0.0
10.0 3.233e-14 0.0 0.0
10.2329 3.07474e-14 0.0 0.0
10.4713 2.92418e-14 0.0 0.0
10.7152 2.78103e-14 0.0 0.0
10.9648 2.64487e-14 0.0 0.0
11.2202 2.51539e-14 0.0 0.0
11.4815 2.39226e-14 0.0 0.0
11.749 2.27512e-14 0.0 0.0
12.0226 2.16376e-14 0.0 0.0
12.3027 2.05781e-14 0.0 0.0
12.5893 1.95705e-14 0.0 0.0
12.8825 1.86125e-14 0.0 0.0
13.1826 1.77012e-14 0.0 0.0
13.4896 1.68348e-14 0.0 0.0
13.8038 1.60106e-14 0.0 0.0
14.1254 1.52266e-14 0.0 0.0
14.4544 1.44812e-14 0.0 0.0
14.7911 1.37722e-14 0.0 0.0
15.1356 1.3098e-14 0.0 0.0
15.4882 1.24567e-14 0.0 0.0
15.8489 1.1847e-14 0.0 0.0
16.2181 1.12669e-14 0.0 0.0
16.5959 1.07153e-14 0.0 0.0
16.9824 1.01908e-14 0.0 0.0
17.378 9.69184e-15 0.0 0.0
17.7828 9.21733e-15 0.0 0.0
18.197 8.7661e-15 0.0 0.0
18.6209 8.3369e-15 0.0 0.0
19.0546 7.92877e-15 0.0 0.0
19.4984 7.54064e-15 0.0 0.0
19.9526 7.17145e-15 0.0 0.0
20.4174 6.82032e-15 0.0 0.0
20.893 6.48641e-15 0.0 0.0
21.3796 6.16889e-15 0.0 0.0
21.8776 5.86687e-15 0.0 0.0
22.3872 5.57964e-15 0.0 0.0
22.9087 5.30646e-15 0.0 0.0
23.4423 5.04668e-15 0.0 0.0
23.9883 4.79962e-15 0.0 0.0
24.5471 4.56462e-15 0.0 0.0
25.1189 4.34115e-15 0.0 0.0
25.704 4.12862e-15 0.0 0.0
26.3027 3.92649e-15 0.0 0.0
26.9154 3.73425e-15 0.0 0.0
27.5423 3.55144e-15 0.0 0.0
28.1838 3.37759e-15 0.0 0.0
28.8403 3.21222e-15 0.0 0.0
29.5121 3.05496e-15 0.0 0.0
30.1995 2.9054e-15 0.0 0.0
30.903 2.76315e-15 0.0 0.0
31.6228 2.62788e-15 0.0 0.0
32.3594 2.49922e-15 0.0 0.0
33.1131 2.37687e-15 0.0 0.0
33.8844 2.26051e-15 0.0 0.0
34.6737 2.14983e-15 0.0 0.0
35.4813 2.04459e-15 0.0 0.0
36.3078 1.94449e-15 0.0 0.0
37.1535 1.84929e-15 0.0 0.0
38.0189 1.75876e-15 0.0 0.0
38.9045 1.67265e-15 0.0 0.0
39.8107 1.59076e-15 0.0 0.0
40.738 1.51288e-15 0.0 0.0
41.6869 1.43882e-15 0.0 0.0
42.658 1.36837e-15 0.0 0.0
43.6516 1.30138e-15 0.0 0.0
44.6684 1.23767e-15 0.0 0.0
45.7088 1.17708e-15 0.0 0.0
46.7735 1.11945e-15 0.0 0.0
47.863 1.06465e-15 0.0 0.0
48.9779 1.01252e-15 0.0 0.0
50.1187 9.62954e-16 0.0 0.0
51.2861 9.15813e-16 0.0 0.0
52.4808 8.70972e-16 0.0 0.0
53.7032 8.28334e-16 0.0 0.0
54.9541 7.87782e-16 0.0 0.0
56.2341 7.49214e-16 0.0 0.0
57.544 7.12534e-16 0.0 0.0
58.8844 6.7765e-16 0.0 0.0
60.256 6.44473e-16 0.0 0.0
61.6595 6.12923e-16 0.0 0.0
63.0957 5.82917e-16 0.0 0.0
64.5654 5.54378e-16 0.0 0.0
66.0693 5.27237e-16 0.0 0.0
67.6083 5.01424e-16 0.0 0.0
69.1831 4.76876e-16 0.0 0.0
70.7946 4.53529e-16 0.0 0.0
72.4436 4.31326e-16 0.0 0.0
74.131 4.1021e-16 0.0 0.0
75.8578 3.90127e-16 0.0 0.0
77.6247 3.71027e-16 0.0 0.0
79.4328 3.52863e-16 0.0 0.0
81.2831 3.35587e-16 0.0 0.0
83.1764 3.19158e-16 0.0 0.0
85.1138 3.03533e-16 0.0 0.0
87.0964 2.88673e-16 0.0 0.0
89.1251 2.7454e-16 0.0 0.0
91.2011 2.61099e-16 0.0 0.0
93.3254 2.48317e-16 0.0 0.0
95.4993 2.36159e-16 0.0 0.0
97.7237 2.24598e-16 0.0 0.0
