other_cats/astrisim_gsed/data/TeVJ1641-463_MODEL_HESS.ecsv
# %ECSV 0.9
# ---
# datatype:
# - {name: e_ref, unit: TeV, datatype: float32}
# - {name: dnde, unit: 1 / (cm2 s TeV), datatype: float32}
# - {name: dnde_errn, unit: 1 / (cm2 s TeV), datatype: float32}
# - {name: dnde_errp, unit: 1 / (cm2 s TeV), datatype: float32}
# meta: !!omap
# - {EXTNAME: MODEL_HESS}
# - {PAPER: Abramowski 2014ApJ...794L...1A}
# - {SOURCE_NAME: TeVJ1641-463}
e_ref dnde dnde_errn dnde_errp
0.1 4.58761e-11 0.0 0.0
0.102329 4.3741e-11 0.0 0.0
0.104713 4.17047e-11 0.0 0.0
0.107152 3.97636e-11 0.0 0.0
0.109648 3.79127e-11 0.0 0.0
0.112202 3.61481e-11 0.0 0.0
0.114815 3.44659e-11 0.0 0.0
0.11749 3.28613e-11 0.0 0.0
0.120226 3.13321e-11 0.0 0.0
0.123027 2.98734e-11 0.0 0.0
0.125893 2.84828e-11 0.0 0.0
0.128825 2.71573e-11 0.0 0.0
0.131826 2.58931e-11 0.0 0.0
0.134896 2.46881e-11 0.0 0.0
0.138038 2.35391e-11 0.0 0.0
0.141254 2.24432e-11 0.0 0.0
0.144544 2.13986e-11 0.0 0.0
0.147911 2.04026e-11 0.0 0.0
0.151356 1.9453e-11 0.0 0.0
0.154882 1.85475e-11 0.0 0.0
0.158489 1.76843e-11 0.0 0.0
0.162181 1.68611e-11 0.0 0.0
0.165959 1.60763e-11 0.0 0.0
0.169824 1.53281e-11 0.0 0.0
0.17378 1.46146e-11 0.0 0.0
0.177828 1.39343e-11 0.0 0.0
0.18197 1.32858e-11 0.0 0.0
0.186209 1.26673e-11 0.0 0.0
0.190546 1.20778e-11 0.0 0.0
0.194984 1.15156e-11 0.0 0.0
0.199526 1.09796e-11 0.0 0.0
0.204174 1.04685e-11 0.0 0.0
0.20893 9.98124e-12 0.0 0.0
0.213796 9.51672e-12 0.0 0.0
0.218776 9.07376e-12 0.0 0.0
0.223872 8.65141e-12 0.0 0.0
0.229087 8.2487e-12 0.0 0.0
0.234423 7.86477e-12 0.0 0.0
0.239883 7.49873e-12 0.0 0.0
0.245471 7.14967e-12 0.0 0.0
0.251189 6.81687e-12 0.0 0.0
0.25704 6.49957e-12 0.0 0.0
0.263027 6.19706e-12 0.0 0.0
0.269153 5.90865e-12 0.0 0.0
0.275423 5.6336e-12 0.0 0.0
0.281838 5.3714e-12 0.0 0.0
0.288403 5.12138e-12 0.0 0.0
0.295121 4.88299e-12 0.0 0.0
0.301995 4.65572e-12 0.0 0.0
0.30903 4.439e-12 0.0 0.0
0.316228 4.23239e-12 0.0 0.0
0.323594 4.03539e-12 0.0 0.0
0.331131 3.84757e-12 0.0 0.0
0.338844 3.66849e-12 0.0 0.0
0.346737 3.49773e-12 0.0 0.0
0.354813 3.33494e-12 0.0 0.0
0.363078 3.1797e-12 0.0 0.0
0.371535 3.03171e-12 0.0 0.0
0.380189 2.8906e-12 0.0 0.0
0.389045 2.75605e-12 0.0 0.0
0.398107 2.62776e-12 0.0 0.0
0.40738 2.50546e-12 0.0 0.0
0.416869 2.38884e-12 0.0 0.0
0.426579 2.27765e-12 0.0 0.0
0.436516 2.17163e-12 0.0 0.0
0.446684 2.07055e-12 0.0 0.0
0.457088 1.97418e-12 0.0 0.0
0.467735 1.88229e-12 0.0 0.0
0.47863 1.79468e-12 0.0 0.0
0.489779 1.71114e-12 0.0 0.0
0.501187 1.6315e-12 0.0 0.0
0.512861 1.55556e-12 0.0 0.0
0.524808 1.48315e-12 0.0 0.0
0.537032 1.41412e-12 0.0 0.0
0.549541 1.3483e-12 0.0 0.0
0.562341 1.28554e-12 0.0 0.0
0.57544 1.2257e-12 0.0 0.0
0.588844 1.16865e-12 0.0 0.0
0.60256 1.11426e-12 0.0 0.0
0.616595 1.0624e-12 0.0 0.0
0.630957 1.01295e-12 0.0 0.0
0.645654 9.65799e-13 0.0 0.0
0.660693 9.20846e-13 0.0 0.0
0.676083 8.77983e-13 0.0 0.0
0.691831 8.37117e-13 0.0 0.0
0.707946 7.98153e-13 0.0 0.0
0.724436 7.61002e-13 0.0 0.0
0.74131 7.25582e-13 0.0 0.0
0.758578 6.91809e-13 0.0 0.0
0.776247 6.59609e-13 0.0 0.0
0.794328 6.28907e-13 0.0 0.0
0.812831 5.99633e-13 0.0 0.0
0.831764 5.71724e-13 0.0 0.0
0.851138 5.45113e-13 0.0 0.0
0.870964 5.19739e-13 0.0 0.0
0.891251 4.95549e-13 0.0 0.0
0.912011 4.72483e-13 0.0 0.0
0.933254 4.50491e-13 0.0 0.0
0.954993 4.29523e-13 0.0 0.0
0.977237 4.09531e-13 0.0 0.0
1.0 3.90469e-13 0.0 0.0
1.02329 3.72296e-13 0.0 0.0
1.04713 3.54965e-13 0.0 0.0
1.07152 3.38443e-13 0.0 0.0
1.09648 3.2269e-13 0.0 0.0
1.12202 3.0767e-13 0.0 0.0
1.14815 2.93352e-13 0.0 0.0
1.1749 2.79695e-13 0.0 0.0
1.20226 2.66679e-13 0.0 0.0
1.23027 2.54264e-13 0.0 0.0
1.25893 2.42428e-13 0.0 0.0
1.28825 2.31146e-13 0.0 0.0
1.31826 2.20386e-13 0.0 0.0
1.34896 2.1013e-13 0.0 0.0
1.38038 2.0035e-13 0.0 0.0
1.41254 1.91023e-13 0.0 0.0
1.44544 1.82132e-13 0.0 0.0
1.47911 1.73654e-13 0.0 0.0
1.51356 1.65572e-13 0.0 0.0
1.54882 1.57865e-13 0.0 0.0
1.58489 1.50518e-13 0.0 0.0
1.62181 1.43511e-13 0.0 0.0
1.65959 1.36831e-13 0.0 0.0
1.69824 1.30463e-13 0.0 0.0
1.7378 1.2439e-13 0.0 0.0
1.77828 1.186e-13 0.0 0.0
1.8197 1.1308e-13 0.0 0.0
1.86209 1.07817e-13 0.0 0.0
1.90546 1.02798e-13 0.0 0.0
1.94984 9.80141e-14 0.0 0.0
1.99526 9.34517e-14 0.0 0.0
2.04174 8.91016e-14 0.0 0.0
2.0893 8.49542e-14 0.0 0.0
2.13796 8.10004e-14 0.0 0.0
2.18776 7.72302e-14 0.0 0.0
2.23872 7.36354e-14 0.0 0.0
2.29087 7.02079e-14 0.0 0.0
2.34423 6.69401e-14 0.0 0.0
2.39883 6.38245e-14 0.0 0.0
2.45471 6.08536e-14 0.0 0.0
2.51189 5.8021e-14 0.0 0.0
2.5704 5.53203e-14 0.0 0.0
2.63027 5.27455e-14 0.0 0.0
2.69153 5.02907e-14 0.0 0.0
2.75423 4.79497e-14 0.0 0.0
2.81838 4.5718e-14 0.0 0.0
2.88403 4.359e-14 0.0 0.0
2.95121 4.1561e-14 0.0 0.0
3.01995 3.96266e-14 0.0 0.0
3.0903 3.7782e-14 0.0 0.0
3.16228 3.60235e-14 0.0 0.0
3.23594 3.43467e-14 0.0 0.0
3.31131 3.27481e-14 0.0 0.0
3.38844 3.12239e-14 0.0 0.0
3.46737 2.97705e-14 0.0 0.0
3.54813 2.83849e-14 0.0 0.0
3.63078 2.70637e-14 0.0 0.0
3.71535 2.5804e-14 0.0 0.0
3.80189 2.46029e-14 0.0 0.0
3.89045 2.34578e-14 0.0 0.0
3.98107 2.23659e-14 0.0 0.0
4.0738 2.13249e-14 0.0 0.0
4.16869 2.03323e-14 0.0 0.0
4.2658 1.93859e-14 0.0 0.0
4.36516 1.84836e-14 0.0 0.0
4.46684 1.76232e-14 0.0 0.0
4.57088 1.6803e-14 0.0 0.0
4.67735 1.60209e-14 0.0 0.0
4.7863 1.52752e-14 0.0 0.0
4.89779 1.45642e-14 0.0 0.0
5.01187 1.38863e-14 0.0 0.0
5.12861 1.324e-14 0.0 0.0
5.24808 1.26237e-14 0.0 0.0
5.37032 1.20361e-14 0.0 0.0
5.49541 1.14759e-14 0.0 0.0
5.62341 1.09417e-14 0.0 0.0
5.7544 1.04324e-14 0.0 0.0
5.88844 9.94686e-15 0.0 0.0
6.0256 9.48387e-15 0.0 0.0
6.16595 9.04246e-15 0.0 0.0
6.30957 8.62159e-15 0.0 0.0
6.45654 8.22028e-15 0.0 0.0
6.60694 7.83765e-15 0.0 0.0
6.76083 7.47285e-15 0.0 0.0
6.91831 7.12502e-15 0.0 0.0
7.07946 6.79339e-15 0.0 0.0
7.24436 6.47719e-15 0.0 0.0
7.4131 6.17571e-15 0.0 0.0
7.58578 5.88824e-15 0.0 0.0
7.76247 5.61418e-15 0.0 0.0
7.94328 5.35287e-15 0.0 0.0
8.1283 5.10373e-15 0.0 0.0
8.31764 4.86615e-15 0.0 0.0
8.51138 4.63967e-15 0.0 0.0
8.70964 4.4237e-15 0.0 0.0
8.91251 4.21781e-15 0.0 0.0
9.12011 4.02148e-15 0.0 0.0
9.33254 3.83431e-15 0.0 0.0
9.54993 3.65583e-15 0.0 0.0
9.77237 3.48567e-15 0.0 0.0
10.0 3.32343e-15 0.0 0.0
10.2329 3.16876e-15 0.0 0.0
10.4713 3.02124e-15 0.0 0.0
10.7152 2.88062e-15 0.0 0.0
10.9648 2.74653e-15 0.0 0.0
11.2202 2.6187e-15 0.0 0.0
11.4815 2.49683e-15 0.0 0.0
11.749 2.38059e-15 0.0 0.0
12.0226 2.26981e-15 0.0 0.0
12.3027 2.16414e-15 0.0 0.0
12.5893 2.0634e-15 0.0 0.0
12.8825 1.96737e-15 0.0 0.0
13.1826 1.87579e-15 0.0 0.0
13.4896 1.7885e-15 0.0 0.0
13.8038 1.70525e-15 0.0 0.0
14.1254 1.62587e-15 0.0 0.0
14.4544 1.5502e-15 0.0 0.0
14.7911 1.47804e-15 0.0 0.0
15.1356 1.40925e-15 0.0 0.0
15.4882 1.34365e-15 0.0 0.0
15.8489 1.28112e-15 0.0 0.0
16.2181 1.22148e-15 0.0 0.0
16.5959 1.16462e-15 0.0 0.0
16.9824 1.11042e-15 0.0 0.0
17.378 1.05873e-15 0.0 0.0
17.7828 1.00945e-15 0.0 0.0
18.197 9.6247e-16 0.0 0.0
18.6209 9.17668e-16 0.0 0.0
19.0546 8.74957e-16 0.0 0.0
19.4984 8.34236e-16 0.0 0.0
19.9526 7.95403e-16 0.0 0.0
20.4174 7.58377e-16 0.0 0.0
20.893 7.23078e-16 0.0 0.0
21.3796 6.89425e-16 0.0 0.0
21.8776 6.57335e-16 0.0 0.0
22.3872 6.26739e-16 0.0 0.0
22.9087 5.97566e-16 0.0 0.0
23.4423 5.69752e-16 0.0 0.0
23.9883 5.43234e-16 0.0 0.0
24.5471 5.17948e-16 0.0 0.0
25.1189 4.93839e-16 0.0 0.0
25.704 4.70853e-16 0.0 0.0
26.3027 4.48938e-16 0.0 0.0
26.9154 4.2804e-16 0.0 0.0
27.5423 4.08118e-16 0.0 0.0
28.1838 3.89123e-16 0.0 0.0
28.8403 3.71011e-16 0.0 0.0
29.5121 3.53742e-16 0.0 0.0
30.1995 3.37277e-16 0.0 0.0
30.903 3.21577e-16 0.0 0.0
31.6228 3.06609e-16 0.0 0.0
32.3594 2.92338e-16 0.0 0.0
33.1131 2.78732e-16 0.0 0.0
33.8844 2.65758e-16 0.0 0.0
34.6737 2.53388e-16 0.0 0.0
35.4813 2.41595e-16 0.0 0.0
36.3078 2.30349e-16 0.0 0.0
37.1535 2.19628e-16 0.0 0.0
38.0189 2.09405e-16 0.0 0.0
38.9045 1.99658e-16 0.0 0.0
39.8107 1.90365e-16 0.0 0.0
40.738 1.81505e-16 0.0 0.0
41.6869 1.73056e-16 0.0 0.0
42.658 1.65e-16 0.0 0.0
43.6516 1.57321e-16 0.0 0.0
44.6684 1.49998e-16 0.0 0.0
45.7088 1.43017e-16 0.0 0.0
46.7735 1.3636e-16 0.0 0.0
47.863 1.30013e-16 0.0 0.0
48.9779 1.23961e-16 0.0 0.0
50.1187 1.18192e-16 0.0 0.0
51.2861 1.1269e-16 0.0 0.0
52.4808 1.07445e-16 0.0 0.0
53.7032 1.02444e-16 0.0 0.0
54.9541 9.76756e-17 0.0 0.0
56.2341 9.31294e-17 0.0 0.0
57.544 8.87945e-17 0.0 0.0
58.8844 8.46616e-17 0.0 0.0
60.256 8.07208e-17 0.0 0.0
61.6595 7.69638e-17 0.0 0.0
63.0957 7.33816e-17 0.0 0.0
64.5654 6.99659e-17 0.0 0.0
66.0693 6.67095e-17 0.0 0.0
67.6083 6.36043e-17 0.0 0.0
69.1831 6.06438e-17 0.0 0.0
70.7946 5.78211e-17 0.0 0.0
72.4436 5.51298e-17 0.0 0.0
74.131 5.25638e-17 0.0 0.0
75.8578 5.01171e-17 0.0 0.0
77.6247 4.77844e-17 0.0 0.0
79.4328 4.55603e-17 0.0 0.0
81.2831 4.34397e-17 0.0 0.0
83.1764 4.14177e-17 0.0 0.0
85.1138 3.949e-17 0.0 0.0
87.0964 3.76518e-17 0.0 0.0
89.1251 3.58993e-17 0.0 0.0
91.2011 3.42284e-17 0.0 0.0
93.3254 3.26352e-17 0.0 0.0
95.4993 3.11162e-17 0.0 0.0
97.7237 2.96679e-17 0.0 0.0
