other_cats/astrisim_gsed/data/TeVJ1849-000_FERMI_UPPER_LIMITS.ecsv
# %ECSV 0.9
# ---
# datatype:
# - {name: e_ref, unit: TeV, datatype: float32}
# - {name: dnde, unit: 1 / (cm2 s TeV), datatype: float32}
# - {name: dnde_errn, unit: 1 / (cm2 s TeV), datatype: float32}
# - {name: dnde_errp, unit: 1 / (cm2 s TeV), datatype: float32}
# meta: !!omap
# - {EXTNAME: MODEL_CRAB_RESCALED}
# - {PAPER: 'Terrier+08,AIP1085,312: 0.015xCrab (Aleksic+2015,JHEAp 5, 30'}
# - {SOURCE_NAME: TeVJ1849-000}
e_ref dnde dnde_errn dnde_errp
0.1 8.71061e-11 0.0 0.0
0.102329 8.29915e-11 0.0 0.0
0.104713 7.90658e-11 0.0 0.0
0.107152 7.53206e-11 0.0 0.0
0.109648 7.17478e-11 0.0 0.0
0.112202 6.83398e-11 0.0 0.0
0.114815 6.50892e-11 0.0 0.0
0.11749 6.19889e-11 0.0 0.0
0.120226 5.90322e-11 0.0 0.0
0.123027 5.62126e-11 0.0 0.0
0.125893 5.3524e-11 0.0 0.0
0.128825 5.09605e-11 0.0 0.0
0.131826 4.85164e-11 0.0 0.0
0.134896 4.61863e-11 0.0 0.0
0.138038 4.39652e-11 0.0 0.0
0.141254 4.18479e-11 0.0 0.0
0.144544 3.98299e-11 0.0 0.0
0.147911 3.79065e-11 0.0 0.0
0.151356 3.60735e-11 0.0 0.0
0.154882 3.43268e-11 0.0 0.0
0.158489 3.26625e-11 0.0 0.0
0.162181 3.10766e-11 0.0 0.0
0.165959 2.95657e-11 0.0 0.0
0.169824 2.81264e-11 0.0 0.0
0.17378 2.67552e-11 0.0 0.0
0.177828 2.54492e-11 0.0 0.0
0.18197 2.42052e-11 0.0 0.0
0.186209 2.30204e-11 0.0 0.0
0.190546 2.18922e-11 0.0 0.0
0.194984 2.08178e-11 0.0 0.0
0.199526 1.97947e-11 0.0 0.0
0.204174 1.88206e-11 0.0 0.0
0.20893 1.78932e-11 0.0 0.0
0.213796 1.70104e-11 0.0 0.0
0.218776 1.617e-11 0.0 0.0
0.223872 1.537e-11 0.0 0.0
0.229087 1.46086e-11 0.0 0.0
0.234423 1.3884e-11 0.0 0.0
0.239883 1.31944e-11 0.0 0.0
0.245471 1.25382e-11 0.0 0.0
0.251189 1.19138e-11 0.0 0.0
0.25704 1.13197e-11 0.0 0.0
0.263027 1.07545e-11 0.0 0.0
0.269153 1.02168e-11 0.0 0.0
0.275423 9.70529e-12 0.0 0.0
0.281838 9.21878e-12 0.0 0.0
0.288403 8.75606e-12 0.0 0.0
0.295121 8.31598e-12 0.0 0.0
0.301995 7.89748e-12 0.0 0.0
0.30903 7.49952e-12 0.0 0.0
0.316228 7.12113e-12 0.0 0.0
0.323594 6.76135e-12 0.0 0.0
0.331131 6.41932e-12 0.0 0.0
0.338844 6.09416e-12 0.0 0.0
0.346737 5.78507e-12 0.0 0.0
0.354813 5.49128e-12 0.0 0.0
0.363078 5.21205e-12 0.0 0.0
0.371535 4.94668e-12 0.0 0.0
0.380189 4.69449e-12 0.0 0.0
0.389045 4.45486e-12 0.0 0.0
0.398107 4.22716e-12 0.0 0.0
0.40738 4.01082e-12 0.0 0.0
0.416869 3.8053e-12 0.0 0.0
0.42658 3.61005e-12 0.0 0.0
0.436516 3.42459e-12 0.0 0.0
0.446684 3.24843e-12 0.0 0.0
0.457088 3.08112e-12 0.0 0.0
0.467735 2.92222e-12 0.0 0.0
0.47863 2.77133e-12 0.0 0.0
0.489779 2.62805e-12 0.0 0.0
0.501187 2.492e-12 0.0 0.0
0.512861 2.36284e-12 0.0 0.0
0.524808 2.24021e-12 0.0 0.0
0.537032 2.1238e-12 0.0 0.0
0.549541 2.0133e-12 0.0 0.0
0.562341 1.90842e-12 0.0 0.0
0.57544 1.80887e-12 0.0 0.0
0.588844 1.71441e-12 0.0 0.0
0.60256 1.62476e-12 0.0 0.0
0.616595 1.53969e-12 0.0 0.0
0.630957 1.45898e-12 0.0 0.0
0.645654 1.3824e-12 0.0 0.0
0.660693 1.30975e-12 0.0 0.0
0.676083 1.24083e-12 0.0 0.0
0.691831 1.17546e-12 0.0 0.0
0.707946 1.11346e-12 0.0 0.0
0.724436 1.05465e-12 0.0 0.0
0.74131 9.98881e-13 0.0 0.0
0.758578 9.45994e-13 0.0 0.0
0.776247 8.95847e-13 0.0 0.0
0.794328 8.48298e-13 0.0 0.0
0.812831 8.03218e-13 0.0 0.0
0.831764 7.60482e-13 0.0 0.0
0.851138 7.19969e-13 0.0 0.0
0.870964 6.81567e-13 0.0 0.0
0.891251 6.45169e-13 0.0 0.0
0.912011 6.10673e-13 0.0 0.0
0.933254 5.77981e-13 0.0 0.0
0.954993 5.47002e-13 0.0 0.0
0.977237 5.17647e-13 0.0 0.0
1.0 4.89834e-13 0.0 0.0
1.02329 4.63483e-13 0.0 0.0
1.04713 4.38519e-13 0.0 0.0
1.07152 4.14872e-13 0.0 0.0
1.09648 3.92472e-13 0.0 0.0
1.12202 3.71256e-13 0.0 0.0
1.14815 3.51163e-13 0.0 0.0
1.1749 3.32134e-13 0.0 0.0
1.20226 3.14115e-13 0.0 0.0
1.23027 2.97053e-13 0.0 0.0
1.25893 2.80898e-13 0.0 0.0
1.28825 2.65603e-13 0.0 0.0
1.31826 2.51124e-13 0.0 0.0
1.34896 2.37418e-13 0.0 0.0
1.38038 2.24444e-13 0.0 0.0
1.41254 2.12165e-13 0.0 0.0
1.44544 2.00544e-13 0.0 0.0
1.47911 1.89546e-13 0.0 0.0
1.51356 1.79138e-13 0.0 0.0
1.54882 1.69291e-13 0.0 0.0
1.58489 1.59974e-13 0.0 0.0
1.62181 1.51159e-13 0.0 0.0
1.65959 1.4282e-13 0.0 0.0
1.69824 1.34932e-13 0.0 0.0
1.7378 1.2747e-13 0.0 0.0
1.77828 1.20413e-13 0.0 0.0
1.8197 1.13739e-13 0.0 0.0
1.86209 1.07427e-13 0.0 0.0
1.90546 1.01459e-13 0.0 0.0
1.94984 9.5815e-14 0.0 0.0
1.99526 9.04792e-14 0.0 0.0
2.04174 8.54346e-14 0.0 0.0
2.0893 8.06656e-14 0.0 0.0
2.13796 7.61576e-14 0.0 0.0
2.18776 7.18966e-14 0.0 0.0
2.23872 6.78693e-14 0.0 0.0
2.29087 6.40632e-14 0.0 0.0
2.34423 6.04663e-14 0.0 0.0
2.39883 5.70675e-14 0.0 0.0
2.45471 5.38559e-14 0.0 0.0
2.51189 5.08216e-14 0.0 0.0
2.5704 4.7955e-14 0.0 0.0
2.63027 4.52469e-14 0.0 0.0
2.69153 4.26888e-14 0.0 0.0
2.75423 4.02725e-14 0.0 0.0
2.81838 3.79904e-14 0.0 0.0
2.88403 3.58351e-14 0.0 0.0
2.95121 3.37998e-14 0.0 0.0
3.01995 3.18778e-14 0.0 0.0
3.0903 3.00631e-14 0.0 0.0
3.16228 2.83497e-14 0.0 0.0
3.23594 2.67321e-14 0.0 0.0
3.31131 2.52051e-14 0.0 0.0
3.38844 2.37637e-14 0.0 0.0
3.46737 2.24031e-14 0.0 0.0
3.54813 2.1119e-14 0.0 0.0
3.63078 1.99071e-14 0.0 0.0
3.71535 1.87635e-14 0.0 0.0
3.80189 1.76843e-14 0.0 0.0
3.89045 1.66661e-14 0.0 0.0
3.98107 1.57054e-14 0.0 0.0
4.0738 1.4799e-14 0.0 0.0
4.16869 1.3944e-14 0.0 0.0
4.2658 1.31375e-14 0.0 0.0
4.36516 1.23768e-14 0.0 0.0
4.46684 1.16593e-14 0.0 0.0
4.57088 1.09827e-14 0.0 0.0
4.67735 1.03446e-14 0.0 0.0
4.7863 9.74291e-15 0.0 0.0
4.89779 9.17558e-15 0.0 0.0
5.01187 8.64069e-15 0.0 0.0
5.12861 8.13642e-15 0.0 0.0
5.24808 7.66105e-15 0.0 0.0
5.37032 7.21296e-15 0.0 0.0
5.49541 6.7906e-15 0.0 0.0
5.62341 6.39254e-15 0.0 0.0
5.7544 6.01739e-15 0.0 0.0
5.88844 5.66387e-15 0.0 0.0
6.0256 5.33075e-15 0.0 0.0
6.16595 5.01688e-15 0.0 0.0
6.30957 4.72116e-15 0.0 0.0
6.45654 4.44256e-15 0.0 0.0
6.60694 4.18012e-15 0.0 0.0
6.76083 3.9329e-15 0.0 0.0
6.91831 3.70006e-15 0.0 0.0
7.07946 3.48075e-15 0.0 0.0
7.24436 3.27423e-15 0.0 0.0
7.4131 3.07974e-15 0.0 0.0
7.58578 2.8966e-15 0.0 0.0
7.76247 2.72417e-15 0.0 0.0
7.94328 2.56182e-15 0.0 0.0
8.1283 2.40898e-15 0.0 0.0
8.31764 2.26511e-15 0.0 0.0
8.51138 2.12968e-15 0.0 0.0
8.70964 2.0022e-15 0.0 0.0
8.91251 1.88223e-15 0.0 0.0
9.12011 1.76933e-15 0.0 0.0
9.33254 1.66308e-15 0.0 0.0
9.54993 1.56311e-15 0.0 0.0
9.77237 1.46904e-15 0.0 0.0
10.0 1.38054e-15 0.0 0.0
10.2329 1.29728e-15 0.0 0.0
10.4713 1.21896e-15 0.0 0.0
10.7152 1.14529e-15 0.0 0.0
10.9648 1.07599e-15 0.0 0.0
11.2202 1.01082e-15 0.0 0.0
11.4815 9.4953e-16 0.0 0.0
11.749 8.91895e-16 0.0 0.0
12.0226 8.377e-16 0.0 0.0
12.3027 7.86744e-16 0.0 0.0
12.5893 7.38837e-16 0.0 0.0
12.8825 6.93799e-16 0.0 0.0
13.1826 6.51462e-16 0.0 0.0
13.4896 6.11664e-16 0.0 0.0
13.8038 5.7426e-16 0.0 0.0
14.1254 5.39105e-16 0.0 0.0
14.4544 5.06067e-16 0.0 0.0
14.7911 4.75022e-16 0.0 0.0
15.1356 4.4585e-16 0.0 0.0
15.4882 4.1844e-16 0.0 0.0
15.8489 3.92689e-16 0.0 0.0
16.2181 3.68497e-16 0.0 0.0
16.5959 3.45771e-16 0.0 0.0
16.9824 3.24424e-16 0.0 0.0
17.378 3.04375e-16 0.0 0.0
17.7828 2.85544e-16 0.0 0.0
18.197 2.6786e-16 0.0 0.0
18.6209 2.51254e-16 0.0 0.0
19.0546 2.35662e-16 0.0 0.0
19.4984 2.21021e-16 0.0 0.0
19.9526 2.07276e-16 0.0 0.0
20.4174 1.94372e-16 0.0 0.0
20.893 1.82259e-16 0.0 0.0
21.3796 1.70889e-16 0.0 0.0
21.8776 1.60217e-16 0.0 0.0
22.3872 1.50201e-16 0.0 0.0
22.9087 1.40802e-16 0.0 0.0
23.4423 1.31982e-16 0.0 0.0
23.9883 1.23705e-16 0.0 0.0
24.5471 1.1594e-16 0.0 0.0
25.1189 1.08655e-16 0.0 0.0
25.704 1.0182e-16 0.0 0.0
26.3027 9.54087e-17 0.0 0.0
26.9154 8.9395e-17 0.0 0.0
27.5423 8.37545e-17 0.0 0.0
28.1838 7.84645e-17 0.0 0.0
28.8403 7.35035e-17 0.0 0.0
29.5121 6.88515e-17 0.0 0.0
30.1995 6.44894e-17 0.0 0.0
30.903 6.03995e-17 0.0 0.0
31.6228 5.65651e-17 0.0 0.0
32.3594 5.29704e-17 0.0 0.0
33.1131 4.96008e-17 0.0 0.0
33.8844 4.64423e-17 0.0 0.0
34.6737 4.34819e-17 0.0 0.0
35.4813 4.07074e-17 0.0 0.0
36.3078 3.81073e-17 0.0 0.0
37.1535 3.56709e-17 0.0 0.0
38.0189 3.33879e-17 0.0 0.0
38.9045 3.12488e-17 0.0 0.0
39.8107 2.92448e-17 0.0 0.0
40.738 2.73674e-17 0.0 0.0
41.6869 2.56088e-17 0.0 0.0
42.658 2.39615e-17 0.0 0.0
43.6516 2.24186e-17 0.0 0.0
44.6684 2.09736e-17 0.0 0.0
45.7088 1.96204e-17 0.0 0.0
46.7735 1.83533e-17 0.0 0.0
47.863 1.71668e-17 0.0 0.0
48.9779 1.60558e-17 0.0 0.0
50.1187 1.50158e-17 0.0 0.0
51.2861 1.40421e-17 0.0 0.0
52.4808 1.31307e-17 0.0 0.0
53.7032 1.22776e-17 0.0 0.0
54.9541 1.14791e-17 0.0 0.0
56.2341 1.07318e-17 0.0 0.0
57.544 1.00325e-17 0.0 0.0
58.8844 9.37807e-18 0.0 0.0
60.256 8.76574e-18 0.0 0.0
61.6595 8.19282e-18 0.0 0.0
63.0957 7.65682e-18 0.0 0.0
64.5654 7.15539e-18 0.0 0.0
66.0693 6.68634e-18 0.0 0.0
67.6083 6.24761e-18 0.0 0.0
69.1831 5.83725e-18 0.0 0.0
70.7946 5.45348e-18 0.0 0.0
72.4436 5.09458e-18 0.0 0.0
74.131 4.75898e-18 0.0 0.0
75.8578 4.44517e-18 0.0 0.0
77.6247 4.15177e-18 0.0 0.0
79.4328 3.87747e-18 0.0 0.0
81.2831 3.62104e-18 0.0 0.0
83.1764 3.38133e-18 0.0 0.0
85.1138 3.15728e-18 0.0 0.0
87.0964 2.94787e-18 0.0 0.0
89.1251 2.75216e-18 0.0 0.0
91.2011 2.56926e-18 0.0 0.0
93.3254 2.39835e-18 0.0 0.0
95.4993 2.23866e-18 0.0 0.0
97.7237 2.08946e-18 0.0 0.0
