other_cats/astrisim_gsed/data/TeVJ1840-055_FERMI_HESS_2013.ecsv
# %ECSV 0.9
# ---
# datatype:
# - {name: e_ref, unit: TeV, datatype: float32}
# - {name: dnde, unit: 1 / (cm2 s TeV), datatype: float32}
# - {name: dnde_errn, unit: 1 / (cm2 s TeV), datatype: float32}
# - {name: dnde_errp, unit: 1 / (cm2 s TeV), datatype: float32}
# meta: !!omap
# - {EXTNAME: MODEL_ARGO_2013}
# - {PAPER: 'Bartoli et al. 2013, ApJ 767, 99'}
# - {SOURCE_NAME: TeVJ1840-055}
e_ref dnde dnde_errn dnde_errp
0.1 7.85712e-09 0.0 0.0
0.102329 7.44846e-09 0.0 0.0
0.104713 7.06091e-09 0.0 0.0
0.107152 6.69366e-09 0.0 0.0
0.109648 6.34545e-09 0.0 0.0
0.112202 6.01534e-09 0.0 0.0
0.114815 5.70252e-09 0.0 0.0
0.11749 5.40579e-09 0.0 0.0
0.120226 5.12468e-09 0.0 0.0
0.123027 4.85803e-09 0.0 0.0
0.125893 4.60533e-09 0.0 0.0
0.128825 4.36578e-09 0.0 0.0
0.131826 4.13867e-09 0.0 0.0
0.134896 3.92342e-09 0.0 0.0
0.138038 3.71933e-09 0.0 0.0
0.141254 3.52584e-09 0.0 0.0
0.144544 3.34242e-09 0.0 0.0
0.147911 3.16856e-09 0.0 0.0
0.151356 3.00376e-09 0.0 0.0
0.154882 2.84747e-09 0.0 0.0
0.158489 2.69939e-09 0.0 0.0
0.162181 2.55895e-09 0.0 0.0
0.165959 2.42584e-09 0.0 0.0
0.169824 2.29967e-09 0.0 0.0
0.17378 2.18004e-09 0.0 0.0
0.177828 2.06662e-09 0.0 0.0
0.18197 1.95914e-09 0.0 0.0
0.186209 1.85722e-09 0.0 0.0
0.190546 1.76061e-09 0.0 0.0
0.194984 1.66903e-09 0.0 0.0
0.199526 1.58221e-09 0.0 0.0
0.204174 1.4999e-09 0.0 0.0
0.20893 1.42187e-09 0.0 0.0
0.213796 1.34792e-09 0.0 0.0
0.218776 1.2778e-09 0.0 0.0
0.223872 1.21133e-09 0.0 0.0
0.229087 1.14832e-09 0.0 0.0
0.234423 1.08858e-09 0.0 0.0
0.239883 1.03196e-09 0.0 0.0
0.245471 9.78278e-10 0.0 0.0
0.251189 9.27388e-10 0.0 0.0
0.25704 8.79146e-10 0.0 0.0
0.263027 8.33416e-10 0.0 0.0
0.269153 7.90068e-10 0.0 0.0
0.275423 7.48966e-10 0.0 0.0
0.281838 7.10008e-10 0.0 0.0
0.288403 6.73074e-10 0.0 0.0
0.295121 6.38061e-10 0.0 0.0
0.301995 6.04871e-10 0.0 0.0
0.30903 5.73405e-10 0.0 0.0
0.316228 5.43578e-10 0.0 0.0
0.323594 5.15302e-10 0.0 0.0
0.331131 4.88498e-10 0.0 0.0
0.338844 4.63087e-10 0.0 0.0
0.346737 4.38997e-10 0.0 0.0
0.354813 4.16163e-10 0.0 0.0
0.363078 3.94514e-10 0.0 0.0
0.371535 3.73993e-10 0.0 0.0
0.380189 3.54538e-10 0.0 0.0
0.389045 3.36096e-10 0.0 0.0
0.398107 3.18612e-10 0.0 0.0
0.40738 3.02039e-10 0.0 0.0
0.416869 2.86328e-10 0.0 0.0
0.426579 2.71434e-10 0.0 0.0
0.436516 2.57313e-10 0.0 0.0
0.446684 2.43928e-10 0.0 0.0
0.457088 2.3124e-10 0.0 0.0
0.467735 2.19211e-10 0.0 0.0
0.47863 2.07808e-10 0.0 0.0
0.489779 1.96998e-10 0.0 0.0
0.501187 1.86751e-10 0.0 0.0
0.512861 1.77037e-10 0.0 0.0
0.524808 1.67827e-10 0.0 0.0
0.537032 1.59097e-10 0.0 0.0
0.549541 1.50821e-10 0.0 0.0
0.562341 1.42976e-10 0.0 0.0
0.57544 1.35538e-10 0.0 0.0
0.588844 1.28488e-10 0.0 0.0
0.60256 1.21804e-10 0.0 0.0
0.616595 1.15468e-10 0.0 0.0
0.630957 1.09462e-10 0.0 0.0
0.645654 1.03768e-10 0.0 0.0
0.660693 9.837e-11 0.0 0.0
0.676083 9.32529e-11 0.0 0.0
0.691831 8.8402e-11 0.0 0.0
0.707946 8.38036e-11 0.0 0.0
0.724436 7.94442e-11 0.0 0.0
0.74131 7.53118e-11 0.0 0.0
0.758578 7.13941e-11 0.0 0.0
0.776247 6.76804e-11 0.0 0.0
0.794328 6.41598e-11 0.0 0.0
0.812831 6.08221e-11 0.0 0.0
0.831764 5.76584e-11 0.0 0.0
0.851138 5.46591e-11 0.0 0.0
0.870964 5.18158e-11 0.0 0.0
0.891251 4.91205e-11 0.0 0.0
0.912011 4.65653e-11 0.0 0.0
0.933254 4.41431e-11 0.0 0.0
0.954993 4.18468e-11 0.0 0.0
0.977237 3.96701e-11 0.0 0.0
1.0 3.76065e-11 0.0 0.0
1.02329 3.56505e-11 0.0 0.0
1.04713 3.37957e-11 0.0 0.0
1.07152 3.20377e-11 0.0 0.0
1.09648 3.03711e-11 0.0 0.0
1.12202 2.87913e-11 0.0 0.0
1.14815 2.72939e-11 0.0 0.0
1.1749 2.58738e-11 0.0 0.0
1.20226 2.45282e-11 0.0 0.0
1.23027 2.32521e-11 0.0 0.0
1.25893 2.20424e-11 0.0 0.0
1.28825 2.0896e-11 0.0 0.0
1.31826 1.98089e-11 0.0 0.0
1.34896 1.87787e-11 0.0 0.0
1.38038 1.78019e-11 0.0 0.0
1.41254 1.68757e-11 0.0 0.0
1.44544 1.59979e-11 0.0 0.0
1.47911 1.51657e-11 0.0 0.0
1.51356 1.43768e-11 0.0 0.0
1.54882 1.36289e-11 0.0 0.0
1.58489 1.29201e-11 0.0 0.0
1.62181 1.22479e-11 0.0 0.0
1.65959 1.16108e-11 0.0 0.0
1.69824 1.10069e-11 0.0 0.0
1.7378 1.04343e-11 0.0 0.0
1.77828 9.8915e-12 0.0 0.0
1.8197 9.37698e-12 0.0 0.0
1.86209 8.88917e-12 0.0 0.0
1.90546 8.42681e-12 0.0 0.0
1.94984 7.98849e-12 0.0 0.0
1.99526 7.57293e-12 0.0 0.0
2.04174 7.17897e-12 0.0 0.0
2.0893 6.80552e-12 0.0 0.0
2.13796 6.45155e-12 0.0 0.0
2.18776 6.11594e-12 0.0 0.0
2.23872 5.7978e-12 0.0 0.0
2.29087 5.49618e-12 0.0 0.0
2.34423 5.2103e-12 0.0 0.0
2.39883 4.93928e-12 0.0 0.0
2.45471 4.68233e-12 0.0 0.0
2.51189 4.43875e-12 0.0 0.0
2.5704 4.20786e-12 0.0 0.0
2.63027 3.98898e-12 0.0 0.0
2.69153 3.7815e-12 0.0 0.0
2.75423 3.58477e-12 0.0 0.0
2.81838 3.39832e-12 0.0 0.0
2.88403 3.22154e-12 0.0 0.0
2.95121 3.05395e-12 0.0 0.0
3.01995 2.8951e-12 0.0 0.0
3.0903 2.74449e-12 0.0 0.0
3.16228 2.60173e-12 0.0 0.0
3.23594 2.46639e-12 0.0 0.0
3.31131 2.3381e-12 0.0 0.0
3.38844 2.21647e-12 0.0 0.0
3.46737 2.10117e-12 0.0 0.0
3.54813 1.99188e-12 0.0 0.0
3.63078 1.88826e-12 0.0 0.0
3.71535 1.79004e-12 0.0 0.0
3.80189 1.69693e-12 0.0 0.0
3.89045 1.60865e-12 0.0 0.0
3.98107 1.52497e-12 0.0 0.0
4.0738 1.44565e-12 0.0 0.0
4.16869 1.37045e-12 0.0 0.0
4.2658 1.29916e-12 0.0 0.0
4.36516 1.23158e-12 0.0 0.0
4.46684 1.16751e-12 0.0 0.0
4.57088 1.10678e-12 0.0 0.0
4.67735 1.04921e-12 0.0 0.0
4.7863 9.94632e-13 0.0 0.0
4.89779 9.42892e-13 0.0 0.0
5.01187 8.93847e-13 0.0 0.0
5.12861 8.47351e-13 0.0 0.0
5.24808 8.03271e-13 0.0 0.0
5.37032 7.61485e-13 0.0 0.0
5.49541 7.21875e-13 0.0 0.0
5.62341 6.84326e-13 0.0 0.0
5.7544 6.48728e-13 0.0 0.0
5.88844 6.14981e-13 0.0 0.0
6.0256 5.82991e-13 0.0 0.0
6.16595 5.52666e-13 0.0 0.0
6.30957 5.23917e-13 0.0 0.0
6.45654 4.96664e-13 0.0 0.0
6.60694 4.70828e-13 0.0 0.0
6.76083 4.46336e-13 0.0 0.0
6.91831 4.23119e-13 0.0 0.0
7.07946 4.01109e-13 0.0 0.0
7.24436 3.80244e-13 0.0 0.0
7.4131 3.60465e-13 0.0 0.0
7.58578 3.41713e-13 0.0 0.0
7.76247 3.23938e-13 0.0 0.0
7.94328 3.07088e-13 0.0 0.0
8.1283 2.91114e-13 0.0 0.0
8.31764 2.7597e-13 0.0 0.0
8.51138 2.61615e-13 0.0 0.0
8.70964 2.48006e-13 0.0 0.0
8.91251 2.35106e-13 0.0 0.0
9.12011 2.22875e-13 0.0 0.0
9.33254 2.11282e-13 0.0 0.0
9.54993 2.00291e-13 0.0 0.0
9.77237 1.89873e-13 0.0 0.0
10.0 1.79996e-13 0.0 0.0
10.2329 1.70634e-13 0.0 0.0
10.4713 1.61757e-13 0.0 0.0
10.7152 1.53342e-13 0.0 0.0
10.9648 1.45366e-13 0.0 0.0
11.2202 1.37804e-13 0.0 0.0
11.4815 1.30636e-13 0.0 0.0
11.749 1.2384e-13 0.0 0.0
12.0226 1.17399e-13 0.0 0.0
12.3027 1.11291e-13 0.0 0.0
12.5893 1.05502e-13 0.0 0.0
12.8825 1.00014e-13 0.0 0.0
13.1826 9.48113e-14 0.0 0.0
13.4896 8.98802e-14 0.0 0.0
13.8038 8.52049e-14 0.0 0.0
14.1254 8.07721e-14 0.0 0.0
14.4544 7.65706e-14 0.0 0.0
14.7911 7.25876e-14 0.0 0.0
15.1356 6.88119e-14 0.0 0.0
15.4882 6.52321e-14 0.0 0.0
15.8489 6.18392e-14 0.0 0.0
16.2181 5.86222e-14 0.0 0.0
16.5959 5.55727e-14 0.0 0.0
16.9824 5.26822e-14 0.0 0.0
17.378 4.99416e-14 0.0 0.0
17.7828 4.73436e-14 0.0 0.0
18.197 4.4881e-14 0.0 0.0
18.6209 4.25462e-14 0.0 0.0
19.0546 4.03332e-14 0.0 0.0
19.4984 3.82353e-14 0.0 0.0
19.9526 3.62463e-14 0.0 0.0
20.4174 3.43607e-14 0.0 0.0
20.893 3.25732e-14 0.0 0.0
21.3796 3.08791e-14 0.0 0.0
21.8776 2.92728e-14 0.0 0.0
22.3872 2.775e-14 0.0 0.0
22.9087 2.63064e-14 0.0 0.0
23.4423 2.4938e-14 0.0 0.0
23.9883 2.36409e-14 0.0 0.0
24.5471 2.24111e-14 0.0 0.0
25.1189 2.12453e-14 0.0 0.0
25.704 2.01401e-14 0.0 0.0
26.3027 1.90925e-14 0.0 0.0
26.9154 1.80992e-14 0.0 0.0
27.5423 1.71578e-14 0.0 0.0
28.1838 1.62653e-14 0.0 0.0
28.8403 1.54193e-14 0.0 0.0
29.5121 1.46171e-14 0.0 0.0
30.1995 1.38568e-14 0.0 0.0
30.903 1.31359e-14 0.0 0.0
31.6228 1.24527e-14 0.0 0.0
32.3594 1.18049e-14 0.0 0.0
33.1131 1.11908e-14 0.0 0.0
33.8844 1.06087e-14 0.0 0.0
34.6737 1.00568e-14 0.0 0.0
35.4813 9.53373e-15 0.0 0.0
36.3078 9.03782e-15 0.0 0.0
37.1535 8.56767e-15 0.0 0.0
38.0189 8.122e-15 0.0 0.0
38.9045 7.69949e-15 0.0 0.0
39.8107 7.29901e-15 0.0 0.0
40.738 6.91932e-15 0.0 0.0
41.6869 6.55938e-15 0.0 0.0
42.658 6.21817e-15 0.0 0.0
43.6516 5.89472e-15 0.0 0.0
44.6684 5.58808e-15 0.0 0.0
45.7088 5.2974e-15 0.0 0.0
46.7735 5.02183e-15 0.0 0.0
47.863 4.76061e-15 0.0 0.0
48.9779 4.51296e-15 0.0 0.0
50.1187 4.27822e-15 0.0 0.0
51.2861 4.05567e-15 0.0 0.0
52.4808 3.84468e-15 0.0 0.0
53.7032 3.6447e-15 0.0 0.0
54.9541 3.45512e-15 0.0 0.0
56.2341 3.27538e-15 0.0 0.0
57.544 3.105e-15 0.0 0.0
58.8844 2.94349e-15 0.0 0.0
60.256 2.79037e-15 0.0 0.0
61.6595 2.64523e-15 0.0 0.0
63.0957 2.50763e-15 0.0 0.0
64.5654 2.37719e-15 0.0 0.0
66.0693 2.25353e-15 0.0 0.0
67.6083 2.1363e-15 0.0 0.0
69.1831 2.02518e-15 0.0 0.0
70.7946 1.91982e-15 0.0 0.0
72.4436 1.81997e-15 0.0 0.0
74.131 1.72529e-15 0.0 0.0
75.8578 1.63554e-15 0.0 0.0
77.6247 1.55047e-15 0.0 0.0
79.4328 1.46981e-15 0.0 0.0
81.2831 1.39336e-15 0.0 0.0
83.1764 1.32088e-15 0.0 0.0
85.1138 1.25217e-15 0.0 0.0
87.0964 1.18703e-15 0.0 0.0
89.1251 1.12529e-15 0.0 0.0
91.2011 1.06675e-15 0.0 0.0
93.3254 1.01126e-15 0.0 0.0
95.4993 9.58655e-16 0.0 0.0
97.7237 9.08791e-16 0.0 0.0
