other_cats/astrisim_gsed/data/TeVJ1741-301_MODEL_HESS.ecsv
# %ECSV 0.9
# ---
# datatype:
# - {name: e_ref, unit: TeV, datatype: float32}
# - {name: dnde, unit: 1 / (cm2 s TeV), datatype: float32}
# - {name: dnde_errn, unit: 1 / (cm2 s TeV), datatype: float32}
# - {name: dnde_errp, unit: 1 / (cm2 s TeV), datatype: float32}
# meta: !!omap
# - {EXTNAME: MODEL_HESS}
# - {PAPER: 'Fox et al 2013 APJ 774, 74 and Tibolla et al 2009, arXiv:0912.3811v1'}
# - {SOURCE_NAME: TeVJ1741-301}
e_ref dnde dnde_errn dnde_errp
0.1 6.61912e-10 0.0 0.0
0.102329 6.20877e-10 0.0 0.0
0.104713 5.82374e-10 0.0 0.0
0.107152 5.46265e-10 0.0 0.0
0.109648 5.1239e-10 0.0 0.0
0.112202 4.80619e-10 0.0 0.0
0.114815 4.50822e-10 0.0 0.0
0.11749 4.22863e-10 0.0 0.0
0.120226 3.96648e-10 0.0 0.0
0.123027 3.7205e-10 0.0 0.0
0.125893 3.48979e-10 0.0 0.0
0.128825 3.27342e-10 0.0 0.0
0.131826 3.07044e-10 0.0 0.0
0.134896 2.88008e-10 0.0 0.0
0.138038 2.7015e-10 0.0 0.0
0.141254 2.53397e-10 0.0 0.0
0.144544 2.37685e-10 0.0 0.0
0.147911 2.22947e-10 0.0 0.0
0.151356 2.09123e-10 0.0 0.0
0.154882 1.96155e-10 0.0 0.0
0.158489 1.83994e-10 0.0 0.0
0.162181 1.72585e-10 0.0 0.0
0.165959 1.61883e-10 0.0 0.0
0.169824 1.51846e-10 0.0 0.0
0.17378 1.4243e-10 0.0 0.0
0.177828 1.33599e-10 0.0 0.0
0.18197 1.25315e-10 0.0 0.0
0.186209 1.17544e-10 0.0 0.0
0.190546 1.10256e-10 0.0 0.0
0.194984 1.0342e-10 0.0 0.0
0.199526 9.7007e-11 0.0 0.0
0.204174 9.09917e-11 0.0 0.0
0.20893 8.53494e-11 0.0 0.0
0.213796 8.00577e-11 0.0 0.0
0.218776 7.50936e-11 0.0 0.0
0.223872 7.04373e-11 0.0 0.0
0.229087 6.60696e-11 0.0 0.0
0.234423 6.19729e-11 0.0 0.0
0.239883 5.81304e-11 0.0 0.0
0.245471 5.45258e-11 0.0 0.0
0.251189 5.11447e-11 0.0 0.0
0.25704 4.79734e-11 0.0 0.0
0.263027 4.49989e-11 0.0 0.0
0.269153 4.22089e-11 0.0 0.0
0.275423 3.95915e-11 0.0 0.0
0.281838 3.71367e-11 0.0 0.0
0.288403 3.48339e-11 0.0 0.0
0.295121 3.2674e-11 0.0 0.0
0.301995 3.0648e-11 0.0 0.0
0.30903 2.87476e-11 0.0 0.0
0.316228 2.69651e-11 0.0 0.0
0.323594 2.52931e-11 0.0 0.0
0.331131 2.37248e-11 0.0 0.0
0.338844 2.22537e-11 0.0 0.0
0.346737 2.08738e-11 0.0 0.0
0.354813 1.95796e-11 0.0 0.0
0.363078 1.83655e-11 0.0 0.0
0.371535 1.72267e-11 0.0 0.0
0.380189 1.61586e-11 0.0 0.0
0.389045 1.51566e-11 0.0 0.0
0.398107 1.42168e-11 0.0 0.0
0.40738 1.33353e-11 0.0 0.0
0.416869 1.25084e-11 0.0 0.0
0.426579 1.17328e-11 0.0 0.0
0.436516 1.10053e-11 0.0 0.0
0.446684 1.03229e-11 0.0 0.0
0.457088 9.68284e-12 0.0 0.0
0.467735 9.08245e-12 0.0 0.0
0.47863 8.51927e-12 0.0 0.0
0.489779 7.99101e-12 0.0 0.0
0.501187 7.49553e-12 0.0 0.0
0.512861 7.03077e-12 0.0 0.0
0.524808 6.59479e-12 0.0 0.0
0.537032 6.18588e-12 0.0 0.0
0.549541 5.80232e-12 0.0 0.0
0.562341 5.44255e-12 0.0 0.0
0.57544 5.10508e-12 0.0 0.0
0.588844 4.78853e-12 0.0 0.0
0.60256 4.49161e-12 0.0 0.0
0.616595 4.2131e-12 0.0 0.0
0.630957 3.95187e-12 0.0 0.0
0.645654 3.70682e-12 0.0 0.0
0.660693 3.47698e-12 0.0 0.0
0.676083 3.26138e-12 0.0 0.0
0.691831 3.05916e-12 0.0 0.0
0.707946 2.86947e-12 0.0 0.0
0.724436 2.69155e-12 0.0 0.0
0.74131 2.52465e-12 0.0 0.0
0.758578 2.36811e-12 0.0 0.0
0.776247 2.22127e-12 0.0 0.0
0.794328 2.08354e-12 0.0 0.0
0.812831 1.95435e-12 0.0 0.0
0.831764 1.83317e-12 0.0 0.0
0.851138 1.7195e-12 0.0 0.0
0.870964 1.61288e-12 0.0 0.0
0.891251 1.51287e-12 0.0 0.0
0.912011 1.41906e-12 0.0 0.0
0.933254 1.33107e-12 0.0 0.0
0.954993 1.24854e-12 0.0 0.0
0.977237 1.17113e-12 0.0 0.0
1.0 1.09851e-12 0.0 0.0
1.02329 1.0304e-12 0.0 0.0
1.04713 9.66497e-13 0.0 0.0
1.07152 9.06571e-13 0.0 0.0
1.09648 8.50359e-13 0.0 0.0
1.12202 7.9763e-13 0.0 0.0
1.14815 7.48177e-13 0.0 0.0
1.1749 7.01777e-13 0.0 0.0
1.20226 6.58273e-13 0.0 0.0
1.23027 6.17448e-13 0.0 0.0
1.25893 5.7916e-13 0.0 0.0
1.28825 5.43251e-13 0.0 0.0
1.31826 5.09565e-13 0.0 0.0
1.34896 4.77974e-13 0.0 0.0
1.38038 4.48336e-13 0.0 0.0
1.41254 4.20533e-13 0.0 0.0
1.44544 3.94459e-13 0.0 0.0
1.47911 3.7e-13 0.0 0.0
1.51356 3.47058e-13 0.0 0.0
1.54882 3.25537e-13 0.0 0.0
1.58489 3.05355e-13 0.0 0.0
1.62181 2.86418e-13 0.0 0.0
1.65959 2.68658e-13 0.0 0.0
1.69824 2.52003e-13 0.0 0.0
1.7378 2.36375e-13 0.0 0.0
1.77828 2.21718e-13 0.0 0.0
1.8197 2.07971e-13 0.0 0.0
1.86209 1.95075e-13 0.0 0.0
1.90546 1.8298e-13 0.0 0.0
1.94984 1.71634e-13 0.0 0.0
1.99526 1.60991e-13 0.0 0.0
2.04174 1.51009e-13 0.0 0.0
2.0893 1.41645e-13 0.0 0.0
2.13796 1.32863e-13 0.0 0.0
2.18776 1.24624e-13 0.0 0.0
2.23872 1.16897e-13 0.0 0.0
2.29087 1.09648e-13 0.0 0.0
2.34423 1.02849e-13 0.0 0.0
2.39883 9.64725e-14 0.0 0.0
2.45471 9.04903e-14 0.0 0.0
2.51189 8.48791e-14 0.0 0.0
2.5704 7.96161e-14 0.0 0.0
2.63027 7.46796e-14 0.0 0.0
2.69153 7.00493e-14 0.0 0.0
2.75423 6.57055e-14 0.0 0.0
2.81838 6.16316e-14 0.0 0.0
2.88403 5.781e-14 0.0 0.0
2.95121 5.42253e-14 0.0 0.0
3.01995 5.08631e-14 0.0 0.0
3.0903 4.77091e-14 0.0 0.0
3.16228 4.47509e-14 0.0 0.0
3.23594 4.1976e-14 0.0 0.0
3.31131 3.93734e-14 0.0 0.0
3.38844 3.6932e-14 0.0 0.0
3.46737 3.46419e-14 0.0 0.0
3.54813 3.2494e-14 0.0 0.0
3.63078 3.04791e-14 0.0 0.0
3.71535 2.85893e-14 0.0 0.0
3.80189 2.68166e-14 0.0 0.0
3.89045 2.51537e-14 0.0 0.0
3.98107 2.3594e-14 0.0 0.0
4.0738 2.21311e-14 0.0 0.0
4.16869 2.07589e-14 0.0 0.0
4.2658 1.94716e-14 0.0 0.0
4.36516 1.82643e-14 0.0 0.0
4.46684 1.71317e-14 0.0 0.0
4.57088 1.60695e-14 0.0 0.0
4.67735 1.50731e-14 0.0 0.0
4.7863 1.41385e-14 0.0 0.0
4.89779 1.32618e-14 0.0 0.0
5.01187 1.24395e-14 0.0 0.0
5.12861 1.16682e-14 0.0 0.0
5.24808 1.09446e-14 0.0 0.0
5.37032 1.0266e-14 0.0 0.0
5.49541 9.62946e-15 0.0 0.0
5.62341 9.03239e-15 0.0 0.0
5.7544 8.47231e-15 0.0 0.0
5.88844 7.94698e-15 0.0 0.0
6.0256 7.45421e-15 0.0 0.0
6.16595 6.99202e-15 0.0 0.0
6.30957 6.55847e-15 0.0 0.0
6.45654 6.15181e-15 0.0 0.0
6.60694 5.77034e-15 0.0 0.0
6.76083 5.41256e-15 0.0 0.0
6.91831 5.07694e-15 0.0 0.0
7.07946 4.76213e-15 0.0 0.0
7.24436 4.46686e-15 0.0 0.0
7.4131 4.18988e-15 0.0 0.0
7.58578 3.93008e-15 0.0 0.0
7.76247 3.68639e-15 0.0 0.0
7.94328 3.45782e-15 0.0 0.0
8.1283 3.24342e-15 0.0 0.0
8.31764 3.04231e-15 0.0 0.0
8.51138 2.85366e-15 0.0 0.0
8.70964 2.67671e-15 0.0 0.0
8.91251 2.51074e-15 0.0 0.0
9.12011 2.35506e-15 0.0 0.0
9.33254 2.20904e-15 0.0 0.0
9.54993 2.07206e-15 0.0 0.0
9.77237 1.94358e-15 0.0 0.0
10.0 1.82306e-15 0.0 0.0
10.2329 1.71003e-15 0.0 0.0
10.4713 1.60399e-15 0.0 0.0
10.7152 1.50453e-15 0.0 0.0
10.9648 1.41124e-15 0.0 0.0
11.2202 1.32374e-15 0.0 0.0
11.4815 1.24167e-15 0.0 0.0
11.749 1.16466e-15 0.0 0.0
12.0226 1.09246e-15 0.0 0.0
12.3027 1.02471e-15 0.0 0.0
12.5893 9.61168e-16 0.0 0.0
12.8825 9.01577e-16 0.0 0.0
13.1826 8.4567e-16 0.0 0.0
13.4896 7.93238e-16 0.0 0.0
13.8038 7.44055e-16 0.0 0.0
14.1254 6.97913e-16 0.0 0.0
14.4544 6.54638e-16 0.0 0.0
14.7911 6.14047e-16 0.0 0.0
15.1356 5.75975e-16 0.0 0.0
15.4882 5.40258e-16 0.0 0.0
15.8489 5.06762e-16 0.0 0.0
16.2181 4.75339e-16 0.0 0.0
16.5959 4.45862e-16 0.0 0.0
16.9824 4.18219e-16 0.0 0.0
17.378 3.92285e-16 0.0 0.0
17.7828 3.67962e-16 0.0 0.0
18.197 3.45145e-16 0.0 0.0
18.6209 3.23744e-16 0.0 0.0
19.0546 3.03671e-16 0.0 0.0
19.4984 2.84842e-16 0.0 0.0
19.9526 2.6718e-16 0.0 0.0
20.4174 2.50612e-16 0.0 0.0
20.893 2.35072e-16 0.0 0.0
21.3796 2.20498e-16 0.0 0.0
21.8776 2.06826e-16 0.0 0.0
22.3872 1.94e-16 0.0 0.0
22.9087 1.81971e-16 0.0 0.0
23.4423 1.70688e-16 0.0 0.0
23.9883 1.60105e-16 0.0 0.0
24.5471 1.50177e-16 0.0 0.0
25.1189 1.40864e-16 0.0 0.0
25.704 1.3213e-16 0.0 0.0
26.3027 1.23938e-16 0.0 0.0
26.9154 1.16252e-16 0.0 0.0
27.5423 1.09044e-16 0.0 0.0
28.1838 1.02283e-16 0.0 0.0
28.8403 9.5941e-17 0.0 0.0
29.5121 8.99918e-17 0.0 0.0
30.1995 8.44114e-17 0.0 0.0
30.903 7.91774e-17 0.0 0.0
31.6228 7.42682e-17 0.0 0.0
32.3594 6.96631e-17 0.0 0.0
33.1131 6.53434e-17 0.0 0.0
33.8844 6.12919e-17 0.0 0.0
34.6737 5.74912e-17 0.0 0.0
35.4813 5.39267e-17 0.0 0.0
36.3078 5.05828e-17 0.0 0.0
37.1535 4.74463e-17 0.0 0.0
38.0189 4.45043e-17 0.0 0.0
38.9045 4.17449e-17 0.0 0.0
39.8107 3.91564e-17 0.0 0.0
40.738 3.67285e-17 0.0 0.0
41.6869 3.44511e-17 0.0 0.0
42.658 3.23148e-17 0.0 0.0
43.6516 3.03111e-17 0.0 0.0
44.6684 2.84316e-17 0.0 0.0
45.7088 2.66688e-17 0.0 0.0
46.7735 2.50151e-17 0.0 0.0
47.863 2.3464e-17 0.0 0.0
48.9779 2.20091e-17 0.0 0.0
50.1187 2.06444e-17 0.0 0.0
51.2861 1.93643e-17 0.0 0.0
52.4808 1.81636e-17 0.0 0.0
53.7032 1.70373e-17 0.0 0.0
54.9541 1.59809e-17 0.0 0.0
56.2341 1.499e-17 0.0 0.0
57.544 1.40605e-17 0.0 0.0
58.8844 1.31887e-17 0.0 0.0
60.256 1.23709e-17 0.0 0.0
61.6595 1.16039e-17 0.0 0.0
63.0957 1.08844e-17 0.0 0.0
64.5654 1.02095e-17 0.0 0.0
66.0693 9.57641e-18 0.0 0.0
67.6083 8.98261e-18 0.0 0.0
69.1831 8.42562e-18 0.0 0.0
70.7946 7.90319e-18 0.0 0.0
72.4436 7.41314e-18 0.0 0.0
74.131 6.95348e-18 0.0 0.0
75.8578 6.52232e-18 0.0 0.0
77.6247 6.1179e-18 0.0 0.0
79.4328 5.73855e-18 0.0 0.0
81.2831 5.38272e-18 0.0 0.0
83.1764 5.04896e-18 0.0 0.0
85.1138 4.73589e-18 0.0 0.0
87.0964 4.44224e-18 0.0 0.0
89.1251 4.1668e-18 0.0 0.0
91.2011 3.90843e-18 0.0 0.0
93.3254 3.66609e-18 0.0 0.0
95.4993 3.43876e-18 0.0 0.0
97.7237 3.22554e-18 0.0 0.0
